$ANSIBLE_VAULT;1.1;AES256
64663236393736323232333265346232306638396266313339396263646662326432306163643337
3037383061623333383066346563613565373838643564650a373763383862383031623363303030
36353237653266346136393437313566353363643330636435373434393962313937343531613266
6132333030383465610a663366326234396131306366663131643839393736323862373933653532
33313765393965386266623230366464663631636231373762666134653630393037356335366436
31636464633032346530363864306232316439343531316565633965623263353837383533383865
34663930626433643165373639393333643266613035376230616261363963623636363161663861
34343561383137306236363036626439393062303165373432313330376334343234326435363639
39396261626462353532666362663434623262303135356232663464633137623531363736393861
30316263663636326638623333373537643039383230613033613235656532646366376637633736
66663737613537336363626666396564383465663766316137326537646631643261383164313033
33326565313136316136663430626133663465386538386132333761316563396333623466323465
65376565383633663663333766313630636366323661316564656333666465386536383034323336
61323862336264376431373765346439646162346530633437643035336366383265613133323464
39613962393837336666313432613865373833616561636137613230633230656334653163333862
66396161323734646236633130366363333765326565353137613834333731616430656265306162
33376263623231653834663836326464313565653033663239316538636164303137346334303965
30646638656664333631333264346434313336663465363834303832373635383364316535373230
35346135633831376631373832366130386338373938623739663534393334316538623939666230
62356264636438343166616164353966653430366636343032333433623532653039663666313330
32613736643365343064626437306432616334353434656432653238353430373633323331313962
62363432373533623936626135386631613065633564616236316130633339373432666336383332
33336536623365346135366361303065373665316162366432623038386136626436386365386234
35316463366565323635336464373639636661303632633462326336393266366664396339323333
66653165613662643161396630663736663633383032653366643662636361653062346461386637
34633032343333633665646161636439626133303736333264326562313565633664393238316561
36303061393435396163353531313334623330616464373833653439623638343332616565326638
30336264653638326634343661383965366538626263353932346363376236396661326463643934
65636363623830636434393337613733346134366438353165313162313763353961393764353364
31356465353233633962346464306365646534643132616463613332353336393765383833303362
65393833386262363062363663323232666331633336393732646464613833613330333636333961
34356337356364643663316437366465623939396236303432656635373565346532366238343834
63353238373636363762363437613966303738393365356263646334346237393061326232393037
38636231653161663366643666643136623466623737326361316634653863653661636539613262
35323138353431663735323530333538376366613863636635656535613332393839353438643836
38646432323066643861636136343866633238373061306439633038626439663332353562653863
31303265663061326531343365383863323530613232666132313334633236396561643636666532
37633764333935353935306131363436313431393165653434643439623233656662326639626462
39363738643031313536623536366636366131386662656239616566343533623465646637666365
62373530313864323938303037646465376664663936303836373235613632363837303736323062
64653563393966613337356337663865383665353937373337613831366161366130653134326131
39343234373934653531646564313737343039313139316462336433396362333462333730613338
66613137336639303061353061333339613730363831636439363363363234333764613437666363
61316330386634393137303863636233393163336631356134666132656634336237643338336566
61396230333233383032643335613633316139313335343430356238393438396332633162316139
62393162666233623939363739636138363364643033343934643330626333343137346535613439
32646161356162343831303536333939353966613439643632353831393333613938393037373932
31366562343839336531303434646365323732663638623434333830333232633837363762373762
35393033666439653932373538363636363036313934333032363164333634336364386530613730
37613232626666373630356535343335343138363162376437343237363862633131376661303365
62383633383434393830653134303062393865303166326266383465663835373438353864343862
65386433343436316335313830666233303834393863323935333863333436393265356565366263
32343164333662616436643734656461396134303735643566366366323033643032663162306363
34626564613665303162303662316262366539623334353438343563373338346232656565353963
37663639396261316662383361346430333861366463393061383263363938363334643335383133
63613064336634666330396437393132663366326463343232366664353337626365393531623237
38333034633134336231666162366638616562383265313365383265346662633839336337303164
35353863353633363064653936376130633266303335393163363434323333313931366365636630
62376563626165626431636432653961386131643965383433393764393438346166363634373233
63613539663864643238333337643330356336333634326530646133333030386532656631643735
38323864316636306335393362613865656630346563356539623766356265623630383031656332
34306633626665343639333365316135363731383537316261383133623934313666346465623739
39643065653136366666373535616436316333626164326633383938376461343534616265663836
61656133333263616265323464393636393335333534376164313231666430653437383934636138
62313664306238376235383565353362396437313230376564613634356539646631313835373662
34346564633636316663666539656162623335333362613538653937373133306365656535306133
64623561663565653636313566336433363134323434333062303436616233383164326662356163
30646639343237663036316439323539396466343933663735623239353333383230636662623831
61333362363565623839363461623135353663343637616631646238333062613665323637353939
30643334346564313635313231373965323966306633346432393961643036633430363735626239
34613338353164653262646262666439393835303132663331366633663461363136396563376665
64656139363734663039396262633133326662376637306530636666613434656331306336663362
36356433343431356232346633323739656161313135373338346439666338383137376137653961
61313731333235336332316535333135346364376238356338306266343935376331633766633465
38623764313263343566623661356166326231616137663936306232613037343265353332343333
36363761623965386334643164636237636431383937326165333235363835626332326238353331
35343130303934626234336331383933353363393663643764643663666133663037313862613234
31363330646262303665353463333833613533656638663063313833643934386164663634393164
30343664663663316230313964643030386564333564326163336163323063653164316130613363
38623535346564643232343365333535653639343538643338323730383165383134663034343830
61613665623435306236613162396133396432393336303637373933353933313438336339336465
36623263666366323030306439613635343831333431303763393663356235626539383064356339
63333538633831333865356231353363343639346466306135366166333032356663353536316233
32663935313166326539613762353638656664316639653938613330323432386537613637353939
61616430303539396238643163326235393534356565633133613937343035356534663263633432
31636637643462613337623130626330633663353333376563336464636239336561333164613834
34633831313532313237646464646339633439353836336439376539393834343239306335663664
36316534656236636264373833646433393337373562316131343539613334333365646265646130
64353039346161616534383232613136376135346464623531303731363131343733393933333964
36643762616362313838633735386666366238613033373562323536626263323939623133376531
66633436656430646339653837376665356239396339363934646135623032663061623561653831
34376638646463626537646138303130663964336166613965353132663561356266656166393863
35633536643663663632386230323432666130383237643833653331653665313362363065636665
36373238373136393738633836386532626339383830363735353732303631316631613265326335
63363939653034623233303839663039646132306238323463646433613932623533306134653135
66323366346430333939306436633639383363326434376630303432633839616632656639316635
65313238333931326539346265613065363963643536636266663264653165333261313361333263
38633730373837323630663834633131366661366365663036323832373764303464636238376132
64333033623035326565393339353733663362396365633564646134666331363439346366343362
32653433303263613262386132326236343735366461336138393863336665646539626563633435
37376433363761396233653135323264393836653261653833353766326531386262393933303631
63353466383935613731346233646332366131623236373634333033326337376432666136316630
36323238396566303730356236613438646333313465623063336535613635643032373263316634
61316262626362323163653262373363666564633964376236326632316332313731643137623364
30663133343466626532643333346434383563666662393939656163313733303932666362343366
37633234326339323239303730373064643565303130616436323036373333643333623062356661
31636532663066326638376235643262333838346534663766626535663062366262646437613037
39353135656465303834326636353764313839366466333462346564303935663261353433363732
62363839646534353031656665363134313465303563333931303135326138613835656364656437
34336434616332336233366135303234356331656665633030396563363635383566633063663235
33613061346266306430313062383964303034343735333361646562653364323039653964663032
33326338343164303635353935363532656636303566333130363765633830316239626437313433
37616334616661313834316462353239666362343135353061663930333634386661666162343639
39306266323531616532613932333666363036613631393461623765356438363263633232316132
35383838623831376231333365396166646464396533353434663866373963326236616563383461
37656263316239623137616361636338386130643264373931356238656436353735363736316338
36363262396636363433346631626135623538626363663435326639646337383738636438386337
36303236626337363563326163646636316366386539333339653937626332303766633534363431
39373634343461343432616535373961663032386664633933616666336138646137663139353234
38316333646236656464323830343737306661663937393132343963346534333139336638306532
61326466623766616261616234663638656333623366636133623061666562333535313430306233
37343964356134636536666536393761346234313439346136373862633662613930376235343031
30613637656332373961393530336363346436353933336634656566666561663039313432623264
31326165663736623839653262663035373733646363613163326436363138666434316132333237
66316134306336633061623635313731336332646533613962633237343235633365356637353538
37306662663436303631356630666366623337303431626533306338343339643637333932666539
34383937373231346333353261393761646430626134636638383532313934386137653837343463
31313930373862663963363366633634343666363664613337643439316637333437333762366435
39306238303437306564653239383663613439623466313835323034323263663831613332653133
64306165313162393337356666376136363635303338313136313834353062336264646664646162
39633332346433663538366234643437323439326338303964343962626265616238626465366162
64643131363239646539333931303661636431613131343639373132613037353638653633623165
32663066343932396666623763303032643935636432343034633662623331623463636332353937
6334326365386566326131313934373936383738336161323864
